# name: debug
# type: sparse matrix
# nnz: 1764
# rows: 42
# columns: 42

1 1 7961.10177
2 1 0.00703524416
3 1 5261.82223
4 1 6754.55767
5 1 145076.658
6 1 -10010.7632
7 1 -0.932895669
8 1 -0.00130542513
9 1 0.120631353
10 1 0.0873224873
11 1 -420.805033
12 1 -4.51184717
13 1 -0.954919273
14 1 -0.00152104575
15 1 0.126035273
16 1 0.0405265636
17 1 -425.07698
18 1 -5.62815459
19 1 -0.970344601
20 1 0.000687425292
21 1 0.129718723
22 1 -0.889191371
23 1 -428.0467
24 1 -5.18374977
25 1 -0.975415992
26 1 -0.00109194095
27 1 0.131143915
28 1 -0.173950891
29 1 -429.180591
30 1 -5.72006749
31 1 -0.981417011
32 1 -0.000933675872
33 1 0.132283473
34 1 -0.208310427
35 1 -430.318048
36 1 -5.44102682
37 1 -0.986553647
38 1 -0.000956310117
39 1 0.133498224
40 1 -0.372303803
41 1 -431.319606
42 1 -6.71977409
1 2 0.00703524416
2 2 7961.14741
3 2 -976.079903
4 2 -107055.919
5 2 -6754.56278
6 2 -58892.6351
7 2 0.00052618377
8 2 -0.932927635
9 2 -0.00827083539
10 2 411.206274
11 2 0.718705125
12 2 -53.052871
13 2 0.00140642809
14 2 -0.955493533
15 2 -0.0109574543
16 2 415.310442
17 2 1.23558124
18 2 -54.477577
19 2 -0.00087412083
20 2 -0.971134141
21 2 -0.00999732987
22 2 418.081049
23 2 0.182455171
24 2 -55.4316259
25 2 0.00107203067
26 2 -0.975652357
27 2 -0.0112554561
28 2 418.911346
29 2 1.10819269
30 2 -55.9037218
31 2 0.000824942623
32 2 -0.981573096
33 2 -0.0106152315
34 2 419.94524
35 2 0.963967474
36 2 -56.1654591
37 2 0.00127431166
38 2 -0.986718507
39 2 -0.0136988335
40 2 420.905495
41 2 1.33207419
42 2 -56.4838351
1 3 5261.82223
2 3 -976.079903
3 3 3638.5411
4 3 14723.689
5 3 85955.0995
6 3 0.00511492357
7 3 0.119664356
8 3 -0.00806868186
9 3 -0.0187815221
10 3 4.45579952
11 3 54.6281747
12 3 0.00637009907
13 3 0.122659916
14 3 -0.00821343779
15 3 -0.0195957511
16 3 4.50599594
17 3 55.1974056
18 3 0.136026366
19 3 0.124741683
20 3 -0.00861377609
21 3 -0.0201260537
22 3 4.64790938
23 3 55.5815599
24 3 0.0700405274
25 3 0.125464386
26 3 -0.0084198247
27 3 -0.0203354075
28 3 4.56602256
29 3 55.7559859
30 3 0.133391259
31 3 0.126283572
32 3 -0.00848434955
33 3 -0.0204991127
34 3 4.57776556
35 3 55.9068598
36 3 0.0950304721
37 3 0.126987587
38 3 -0.00852032134
39 3 -0.0207029713
40 3 4.61560292
41 3 56.0449146
42 3 0.255850107
1 4 6754.55767
2 4 -107055.919
3 4 14723.689
4 4 11136240.3
5 4 180336.536
6 4 269382.127
7 4 -0.717042635
8 4 412.62857
9 4 4.56259534
10 4 -274170.373
11 4 -1134.21776
12 4 41516.0645
13 4 -1.08876637
14 4 420.86325
15 4 5.7754356
16 4 -276019.609
17 4 -1501.44639
18 4 42241.6395
19 4 -0.0801681889
20 4 426.545727
21 4 5.34828542
22 4 -277247.71
23 4 -779.345717
24 4 42747.7924
25 4 -0.94703282
26 4 428.219002
27 4 5.91756589
28 4 -277650.377
29 4 -1425.74567
30 4 43116.7117
31 4 -0.841089093
32 4 430.365733
33 4 5.63717833
34 4 -278106.238
35 4 -1322.96934
36 4 43269.9486
37 4 -1.03693596
38 4 432.251732
39 4 6.99384286
40 4 -278558.969
41 4 -1606.31787
42 4 43454.2078
1 5 145076.658
2 5 -6754.56278
3 5 85955.0995
4 5 180336.536
5 5 12464242.6
6 5 9482.21228
7 5 -422.148846
8 5 -0.101168325
9 5 55.1842969
10 5 -586.460606
11 5 -292594.485
12 5 -3510.10965
13 5 -430.393804
14 5 -0.205752237
15 5 57.1971709
16 5 -629.143988
17 5 -294670.054
18 5 -4302.22562
19 5 -436.140768
20 5 0.796801583
21 5 58.579144
22 5 -1268.83063
23 5 -296108.014
24 5 -3990.53596
25 5 -438.050292
26 5 -0.00867865803
27 5 59.2291069
28 5 -780.055371
29 5 -296742.245
30 5 -4371.14086
31 5 -440.274265
32 5 0.0644424319
33 5 59.6608403
34 5 -799.970434
35 5 -297288.152
36 5 -4179.79411
37 5 -442.196892
38 5 0.0554516402
39 5 60.133248
40 5 -933.821851
41 5 -297788.743
42 5 -5055.06207
1 6 -10010.7632
2 6 -58892.6351
3 6 0.00511492357
4 6 269382.127
5 6 9482.21228
6 6 595725.404
7 6 -4.43096808
8 6 -52.8613288
9 6 0.00309356086
10 6 41304.6828
11 6 -3437.30829
12 6 -8809.36105
13 6 -4.44747386
14 6 -53.9238424
15 6 -0.136021844
16 6 41544.8278
17 6 -3389.36854
18 6 -8942.5705
19 6 -4.62942352
20 6 -54.6491281
21 6 -0.0679224893
22 6 41697.1395
23 6 -3519.44717
24 6 -9025.61938
25 6 -4.5313052
26 6 -54.8809136
27 6 -0.134948622
28 6 41760.4436
29 6 -3421.34974
30 6 -9094.53618
31 6 -4.56589215
32 6 -55.1589745
33 6 -0.0945165711
34 6 41819.8196
35 6 -3446.10791
36 6 -9120.49336
37 6 -4.54932967
38 6 -55.4033213
39 6 -0.26614749
40 6 41878.3962
41 6 -3392.59043
42 6 -9163.55389
1 7 -0.932895669
2 7 0.00052618377
3 7 0.119664356
4 7 -0.717042635
5 7 -422.148846
6 7 -4.43096808
7 7 10668.1692
8 7 -0.0155941688
9 7 8182.12151
10 7 10906.3059
11 7 179990.479
12 7 -13893.4619
13 7 -0.9631869
14 7 -0.000605765474
15 7 0.127206593
16 7 -0.362128814
17 7 -428.105822
18 7 -5.60884768
19 7 -0.978898448
20 7 0.00164277579
21 7 0.130946722
22 7 -1.30297373
23 7 -431.145148
24 7 -5.16041149
25 7 -0.983861247
26 7 -0.000178014164
27 7 0.132361041
28 7 -0.574072748
29 7 -432.239546
30 7 -5.70107658
31 7 -0.989906743
32 7 -1.55147282e-05
33 7 0.133509108
34 7 -0.608817206
35 7 -433.382977
36 7 -5.41988384
37 7 -0.995105195
38 7 -3.82983833e-05
39 7 0.134740304
40 7 -0.773461331
41 7 -434.397535
42 7 -6.70771039
1 8 -0.00130542513
2 8 -0.932927635
3 8 -0.00806868186
4 8 412.62857
5 8 -0.101168325
6 8 -52.8613288
7 8 -0.0155941688
8 8 10668.265
9 8 -1584.31082
10 8 -121776.262
11 8 -10906.3103
12 8 -78527.3059
13 8 0.000494332226
14 8 -0.96354658
15 8 -0.0109166807
16 8 418.197796
17 8 0.83468621
18 8 -54.8662094
19 8 -0.00183111722
20 8 -0.9793272
21 8 -0.00994320395
22 8 420.990734
23 8 -0.231944409
24 8 -55.8276884
25 8 0.00013821469
26 8 -0.983890442
27 8 -0.0112122687
28 8 421.829218
29 8 0.702710641
30 8 -56.3034205
31 8 -0.000115995243
32 8 -0.98986527
33 8 -0.0105656345
34 8 422.871881
35 8 0.556625446
36 8 -56.5669968
37 8 0.000331394326
38 8 -0.995057824
39 8 -0.0136739432
40 8 423.83998
41 8 0.926035587
42 8 -56.8891309
1 9 0.120631353
2 9 -0.00827083539
3 9 -0.0187815221
4 9 4.56259534
5 9 55.1842969
6 9 0.00309356086
7 9 8182.12151
8 9 -1584.31082
9 9 6583.36179
10 9 22811.6816
11 9 126798.664
12 9 0.00442673082
13 9 0.124798153
14 9 -0.00835482509
15 9 -0.0199161697
16 9 4.57297577
17 9 55.9907748
18 9 0.136390279
19 9 0.126939112
20 9 -0.0087632062
21 9 -0.0204591478
22 9 4.71729229
23 9 56.3881892
24 9 0.0694425206
25 9 0.127651082
26 9 -0.00856137993
27 9 -0.0206683428
28 9 4.63281889
29 9 56.5578737
30 9 0.133852178
31 9 0.128483337
32 9 -0.00862667517
33 9 -0.0208346346
34 9 4.64464169
35 9 56.7107502
36 9 0.0949445271
37 9 0.129202057
38 9 -0.00866259587
39 9 -0.0210423399
40 9 4.68276222
41 9 56.8517185
42 9 0.258134477
1 10 0.0873224873
2 10 411.206274
3 10 4.45579952
4 10 -274170.373
5 10 -586.460606
6 10 41304.6828
7 10 10906.3059
8 10 -121776.262
9 10 22811.6816
10 10 11153695.6
11 10 262963.921
12 10 366079.097
13 10 -0.688179853
14 10 422.328621
15 10 5.73885875
16 10 -276664.948
17 10 -1230.94658
18 10 42332.0003
19 10 0.332665315
20 10 428.033939
21 10 5.30841813
22 10 -277896.667
23 10 -504.810108
24 10 42839.3457
25 10 -0.539003127
26 10 429.715579
27 10 5.87959135
28 10 -278301.28
29 10 -1153.19432
30 10 43209.3846
31 10 -0.430837798
32 10 431.87136
33 10 5.59785697
34 10 -278758.729
35 10 -1049.75685
36 10 43362.8551
37 10 -0.625250364
38 10 433.765348
39 10 6.95876167
40 10 -279212.846
41 10 -1333.12064
42 10 43548.4255
1 11 -420.805033
2 11 0.718705125
3 11 54.6281747
4 11 -1134.21776
5 11 -292594.485
6 11 -3437.30829
7 11 179990.479
8 11 -10906.3103
9 11 126798.664
10 11 262963.921
11 11 12912973.7
12 11 -9320.10093
13 11 -432.081032
14 11 0.209164622
15 11 57.4356286
16 11 -905.614113
17 11 -295467.719
18 11 -4269.63689
19 11 -437.900356
20 11 1.22310793
21 11 58.8309525
22 11 -1548.84998
23 11 -296924.921
24 11 -3956.62461
25 11 -439.768797
26 11 0.406344937
27 11 59.4761013
28 11 -1056.11574
29 11 -297545.832
30 11 -4338.20691
31 11 -441.999442
32 11 0.480943225
33 11 59.9090237
34 11 -1076.26628
35 11 -298092.502
36 11 -4146.21919
37 11 -443.935559
38 11 0.472186567
39 11 60.3855791
40 11 -1210.43281
41 11 -298596.535
42 11 -5023.76641
