# name: debug
# type: sparse matrix
# nnz: 1764
# rows: 42
# columns: 42

1 1 7961.10177
2 1 0.00703524416
3 1 5261.82223
4 1 6754.55767
5 1 145076.658
6 1 -10010.7632
7 1 -0.932895669
8 1 -0.00130542513
9 1 0.120631353
10 1 0.0873224873
11 1 -420.805033
12 1 -4.51184717
13 1 -0.954919273
14 1 -0.00152104575
15 1 0.126035273
16 1 0.0405265636
17 1 -425.07698
18 1 -5.62815459
19 1 -0.970344601
20 1 0.000687425292
21 1 0.129718723
22 1 -0.889191371
23 1 -428.0467
24 1 -5.18374977
25 1 -0.975415992
26 1 -0.00109194095
27 1 0.131143915
28 1 -0.173950891
29 1 -429.180591
30 1 -5.72006749
31 1 -0.981417011
32 1 -0.000933675872
33 1 0.132283473
34 1 -0.208310427
35 1 -430.318048
36 1 -5.44102682
37 1 -0.986553647
38 1 -0.000956310117
39 1 0.133498224
40 1 -0.372303803
41 1 -431.319606
42 1 -6.71977409
1 2 0.00703524416
2 2 7961.14741
3 2 -976.079903
4 2 -107055.919
5 2 -6754.56278
6 2 -58892.6351
7 2 0.00052618377
8 2 -0.932927635
9 2 -0.00827083539
10 2 411.206274
11 2 0.718705125
12 2 -53.052871
13 2 0.00140642809
14 2 -0.955493533
15 2 -0.0109574543
16 2 415.310442
17 2 1.23558124
18 2 -54.477577
19 2 -0.00087412083
20 2 -0.971134141
21 2 -0.00999732987
22 2 418.081049
23 2 0.182455171
24 2 -55.4316259
25 2 0.00107203067
26 2 -0.975652357
27 2 -0.0112554561
28 2 418.911346
29 2 1.10819269
30 2 -55.9037218
31 2 0.000824942623
32 2 -0.981573096
33 2 -0.0106152315
34 2 419.94524
35 2 0.963967474
36 2 -56.1654591
37 2 0.00127431166
38 2 -0.986718507
39 2 -0.0136988335
40 2 420.905495
41 2 1.33207419
42 2 -56.4838351
1 3 5261.82223
2 3 -976.079903
3 3 3638.5411
4 3 14723.689
5 3 85955.0995
6 3 0.00511492357
7 3 0.119664356
8 3 -0.00806868186
9 3 -0.0187815221
10 3 4.45579952
11 3 54.6281747
12 3 0.00637009907
13 3 0.122659916
14 3 -0.00821343779
15 3 -0.0195957511
16 3 4.50599594
17 3 55.1974056
18 3 0.136026366
19 3 0.124741683
20 3 -0.00861377609
21 3 -0.0201260537
22 3 4.64790938
23 3 55.5815599
24 3 0.0700405274
25 3 0.125464386
26 3 -0.0084198247
27 3 -0.0203354075
28 3 4.56602256
29 3 55.7559859
30 3 0.133391259
31 3 0.126283572
32 3 -0.00848434955
33 3 -0.0204991127
34 3 4.57776556
35 3 55.9068598
36 3 0.0950304721
37 3 0.126987587
38 3 -0.00852032134
39 3 -0.0207029713
40 3 4.61560292
41 3 56.0449146
42 3 0.255850107
1 4 6754.55767
2 4 -107055.919
3 4 14723.689
4 4 11136240.3
5 4 180336.536
6 4 269382.127
7 4 -0.717042635
8 4 412.62857
9 4 4.56259534
10 4 -274170.373
11 4 -1134.21776
12 4 41516.0645
13 4 -1.08876637
14 4 420.86325
15 4 5.7754356
16 4 -276019.609
17 4 -1501.44639
18 4 42241.6395
19 4 -0.0801681889
20 4 426.545727
21 4 5.34828542
22 4 -277247.71
23 4 -779.345717
24 4 42747.7924
25 4 -0.94703282
26 4 428.219002
27 4 5.91756589
28 4 -277650.377
29 4 -1425.74567
30 4 43116.7117
31 4 -0.841089093
32 4 430.365733
33 4 5.63717833
34 4 -278106.238
35 4 -1322.96934
36 4 43269.9486
37 4 -1.03693596
38 4 432.251732
39 4 6.99384286
40 4 -278558.969
41 4 -1606.31787
42 4 43454.2078
1 5 145076.658
2 5 -6754.56278
3 5 85955.0995
4 5 180336.536
5 5 12464242.6
6 5 9482.21228
7 5 -422.148846
8 5 -0.101168325
9 5 55.1842969
10 5 -586.460606
11 5 -292594.485
12 5 -3510.10965
13 5 -430.393804
14 5 -0.205752237
15 5 57.1971709
16 5 -629.143988
17 5 -294670.054
18 5 -4302.22562
19 5 -436.140768
20 5 0.796801583
21 5 58.579144
22 5 -1268.83063
23 5 -296108.014
24 5 -3990.53596
25 5 -438.050292
26 5 -0.00867865803
27 5 59.2291069
28 5 -780.055371
29 5 -296742.245
30 5 -4371.14086
31 5 -440.274265
32 5 0.0644424319
33 5 59.6608403
34 5 -799.970434
35 5 -297288.152
36 5 -4179.79411
37 5 -442.196892
38 5 0.0554516402
39 5 60.133248
40 5 -933.821851
41 5 -297788.743
42 5 -5055.06207
1 6 -10010.7632
2 6 -58892.6351
3 6 0.00511492357
4 6 269382.127
5 6 9482.21228
6 6 595725.404
7 6 -4.43096808
8 6 -52.8613288
9 6 0.00309356086
10 6 41304.6828
11 6 -3437.30829
12 6 -8809.36105
13 6 -4.44747386
14 6 -53.9238424
15 6 -0.136021844
16 6 41544.8278
17 6 -3389.36854
18 6 -8942.5705
19 6 -4.62942352
20 6 -54.6491281
21 6 -0.0679224893
22 6 41697.1395
23 6 -3519.44717
24 6 -9025.61938
25 6 -4.5313052
26 6 -54.8809136
27 6 -0.134948622
28 6 41760.4436
29 6 -3421.34974
30 6 -9094.53618
31 6 -4.56589215
32 6 -55.1589745
33 6 -0.0945165711
34 6 41819.8196
35 6 -3446.10791
36 6 -9120.49336
37 6 -4.54932967
38 6 -55.4033213
39 6 -0.26614749
40 6 41878.3962
41 6 -3392.59043
42 6 -9163.55389
1 7 -0.932895669
2 7 0.00052618377
3 7 0.119664356
4 7 -0.717042635
5 7 -422.148846
6 7 -4.43096808
7 7 10668.1692
8 7 -0.0155941688
9 7 8182.12151
10 7 10906.3059
11 7 179990.479
12 7 -13893.4619
13 7 -0.9631869
14 7 -0.000605765474
15 7 0.127206593
16 7 -0.362128814
17 7 -428.105822
18 7 -5.60884768
19 7 -0.978898448
20 7 0.00164277579
21 7 0.130946722
22 7 -1.30297373
23 7 -431.145148
24 7 -5.16041149
25 7 -0.983861247
26 7 -0.000178014164
27 7 0.132361041
28 7 -0.574072748
29 7 -432.239546
30 7 -5.70107658
31 7 -0.989906743
32 7 -1.55147282e-05
33 7 0.133509108
34 7 -0.608817206
35 7 -433.382977
36 7 -5.41988384
37 7 -0.995105195
38 7 -3.82983833e-05
39 7 0.134740304
40 7 -0.773461331
41 7 -434.397535
42 7 -6.70771039
1 8 -0.00130542513
2 8 -0.932927635
3 8 -0.00806868186
4 8 412.62857
5 8 -0.101168325
6 8 -52.8613288
7 8 -0.0155941688
8 8 10668.265
9 8 -1584.31082
10 8 -121776.262
11 8 -10906.3103
12 8 -78527.3059
13 8 0.000494332226
14 8 -0.96354658
15 8 -0.0109166807
16 8 418.197796
17 8 0.83468621
18 8 -54.8662094
19 8 -0.00183111722
20 8 -0.9793272
21 8 -0.00994320395
22 8 420.990734
23 8 -0.231944409
24 8 -55.8276884
25 8 0.00013821469
26 8 -0.983890442
27 8 -0.0112122687
28 8 421.829218
29 8 0.702710641
30 8 -56.3034205
31 8 -0.000115995243
32 8 -0.98986527
33 8 -0.0105656345
34 8 422.871881
35 8 0.556625446
36 8 -56.5669968
37 8 0.000331394326
38 8 -0.995057824
39 8 -0.0136739432
40 8 423.83998
41 8 0.926035587
42 8 -56.8891309
1 9 0.120631353
2 9 -0.00827083539
3 9 -0.0187815221
4 9 4.56259534
5 9 55.1842969
6 9 0.00309356086
7 9 8182.12151
8 9 -1584.31082
9 9 6583.36179
10 9 22811.6816
11 9 126798.664
12 9 0.00442673082
13 9 0.124798153
14 9 -0.00835482509
15 9 -0.0199161697
16 9 4.57297577
17 9 55.9907748
18 9 0.136390279
19 9 0.126939112
20 9 -0.0087632062
21 9 -0.0204591478
22 9 4.71729229
23 9 56.3881892
24 9 0.0694425206
25 9 0.127651082
26 9 -0.00856137993
27 9 -0.0206683428
28 9 4.63281889
29 9 56.5578737
30 9 0.133852178
31 9 0.128483337
32 9 -0.00862667517
33 9 -0.0208346346
34 9 4.64464169
35 9 56.7107502
36 9 0.0949445271
37 9 0.129202057
38 9 -0.00866259587
39 9 -0.0210423399
40 9 4.68276222
41 9 56.8517185
42 9 0.258134477
1 10 0.0873224873
2 10 411.206274
3 10 4.45579952
4 10 -274170.373
5 10 -586.460606
6 10 41304.6828
7 10 10906.3059
8 10 -121776.262
9 10 22811.6816
10 10 11153695.6
11 10 262963.921
12 10 366079.097
13 10 -0.688179853
14 10 422.328621
15 10 5.73885875
16 10 -276664.948
17 10 -1230.94658
18 10 42332.0003
19 10 0.332665315
20 10 428.033939
21 10 5.30841813
22 10 -277896.667
23 10 -504.810108
24 10 42839.3457
25 10 -0.539003127
26 10 429.715579
27 10 5.87959135
28 10 -278301.28
29 10 -1153.19432
30 10 43209.3846
31 10 -0.430837798
32 10 431.87136
33 10 5.59785697
34 10 -278758.729
35 10 -1049.75685
36 10 43362.8551
37 10 -0.625250364
38 10 433.765348
39 10 6.95876167
40 10 -279212.846
41 10 -1333.12064
42 10 43548.4255
1 11 -420.805033
2 11 0.718705125
3 11 54.6281747
4 11 -1134.21776
5 11 -292594.485
6 11 -3437.30829
7 11 179990.479
8 11 -10906.3103
9 11 126798.664
10 11 262963.921
11 11 12912973.7
12 11 -9320.10093
13 11 -432.081032
14 11 0.209164622
15 11 57.4356286
16 11 -905.614113
17 11 -295467.719
18 11 -4269.63689
19 11 -437.900356
20 11 1.22310793
21 11 58.8309525
22 11 -1548.84998
23 11 -296924.921
24 11 -3956.62461
25 11 -439.768797
26 11 0.406344937
27 11 59.4761013
28 11 -1056.11574
29 11 -297545.832
30 11 -4338.20691
31 11 -441.999442
32 11 0.480943225
33 11 59.9090237
34 11 -1076.26628
35 11 -298092.502
36 11 -4146.21919
37 11 -443.935559
38 11 0.472186567
39 11 60.3855791
40 11 -1210.43281
41 11 -298596.535
42 11 -5023.76641
1 12 -4.51184717
2 12 -53.052871
3 12 0.00637009907
4 12 41516.0645
5 12 -3510.10965
6 12 -8809.36105
7 12 -13893.4619
8 12 -78527.3059
9 12 0.00442673082
10 12 366079.097
11 12 -9320.10093
12 12 748667.64
13 12 -4.50130987
14 12 -54.5044784
15 12 -0.135864242
16 12 41846.1699
17 12 -3427.46722
18 12 -8994.44128
19 12 -4.68611402
20 12 -55.2388606
21 12 -0.0668934131
22 12 42000.0826
23 12 -3558.7688
24 12 -9078.13846
25 12 -4.58616527
26 12 -55.4736204
27 12 -0.134743244
28 12 42064.0392
29 12 -3459.76899
30 12 -9147.50752
31 12 -4.62110755
32 12 -55.7551935
33 12 -0.0938792228
34 12 42124.0503
35 12 -3484.69671
36 12 -9173.64311
37 12 -4.6045388
38 12 -56.0026169
39 12 -0.26732524
40 12 42183.2174
41 12 -3430.92291
42 12 -9217.0611
1 13 -0.954919273
2 13 0.00140642809
3 13 0.122659916
4 13 -1.08876637
5 13 -430.393804
6 13 -4.44747386
7 13 -0.9631869
8 13 0.000494332226
9 13 0.124798153
10 13 -0.688179853
11 13 -432.081032
12 13 -4.50130987
13 13 39.4437919
14 13 -5.16538388
15 13 -2.2892744
16 13 1.51480343
17 13 17740.0511
18 13 227.184192
19 13 -1.32506926
20 13 0.0031413939
21 13 0.141307635
22 13 -1.95881162
23 13 -699.131995
24 13 -9.59086944
25 13 -1.33037369
26 13 0.000585089434
27 13 0.143078274
28 13 -0.710025339
29 13 -700.392314
30 13 -10.4868054
31 13 -1.33741899
32 13 0.000800866882
33 13 0.144345142
34 13 -0.782823509
35 13 -701.914321
36 13 -10.0319539
37 13 -1.34357142
38 13 0.000758942816
39 13 0.145752335
40 13 -0.955580209
41 13 -703.290031
42 13 -12.1248959
1 14 -0.00152104575
2 14 -0.955493533
3 14 -0.00821343779
4 14 420.86325
5 14 -0.205752237
6 14 -53.9238424
7 14 -0.000605765474
8 14 -0.96354658
9 14 -0.00835482509
10 14 422.328621
11 14 0.209164622
12 14 -54.5044784
13 14 -5.16538388
14 14 32.8307772
15 14 2.35664142
16 14 -17562.3991
17 14 -1.441831
18 14 448.047793
19 14 -0.00315887315
20 14 -1.32438048
21 14 -0.0154490734
22 14 683.428584
23 14 -1.31481982
24 14 -61.1735956
25 14 -0.000429859667
26 14 -1.32973576
27 14 -0.0172062133
28 14 684.563624
29 14 0.167316671
30 14 -61.9467851
31 14 -0.000743906284
32 14 -1.33672885
33 14 -0.0163347283
34 14 685.959884
35 14 -0.0281918617
36 14 -62.27229
37 14 -0.000263158649
38 14 -1.34284766
39 14 -0.0205268054
40 14 687.297638
41 14 0.382954167
42 14 -62.6933155
1 15 0.126035273
2 15 -0.0109574543
3 15 -0.0195957511
4 15 5.7754356
5 15 57.1971709
6 15 -0.136021844
7 15 0.127206593
8 15 -0.0109166807
9 15 -0.0199161697
10 15 5.73885875
11 15 57.4356286
12 15 -0.135864242
13 15 -2.2892744
14 15 2.35664142
15 15 -0.063904977
16 15 -229.612333
17 15 -476.227061
18 15 -0.0124139187
19 15 0.139438709
20 15 -0.0173173345
21 15 -0.0269733465
22 15 10.7209156
23 15 63.0204739
24 15 -0.0813649749
25 15 0.140171486
26 15 -0.017101078
27 15 -0.0272150162
28 15 10.6325688
29 15 63.215803
30 15 -0.0148865298
31 15 0.141067507
32 15 -0.0171982777
33 15 -0.0274057431
34 15 10.6503105
35 15 63.3857904
36 15 -0.0596195528
37 15 0.141852108
38 15 -0.0172597316
39 15 -0.0276711721
40 15 10.712086
41 15 63.5469184
42 15 0.120253221
1 16 0.0405265636
2 16 415.310442
3 16 4.50599594
4 16 -276019.609
5 16 -629.143988
6 16 41544.8278
7 16 -0.362128814
8 16 418.197796
9 16 4.57297577
10 16 -276664.948
11 16 -905.614113
12 16 41846.1699
13 16 1.51480343
14 16 -17562.3991
15 16 -229.612333
16 16 11398477.3
17 16 11122.3066
18 16 -687718.633
19 16 1.25697637
20 16 687.266834
21 16 9.84054882
22 16 -496087.778
23 16 188.864911
24 16 52593.1316
25 16 -0.143228598
26 16 689.486176
27 16 10.7747638
28 16 -496724.289
29 16 -919.223856
30 16 53227.6074
31 16 0.00959847662
32 16 692.343569
33 16 10.324716
34 16 -497447.972
35 16 -765.403395
36 16 53432.5529
37 16 -0.205422353
38 16 694.881353
39 16 12.5018935
40 16 -498188.222
41 16 -1123.23903
42 16 53700.0305
1 17 -425.07698
2 17 1.23558124
3 17 55.1974056
4 17 -1501.44639
5 17 -294670.054
6 17 -3389.36854
7 17 -428.105822
8 17 0.83468621
9 17 55.9907748
10 17 -1230.94658
11 17 -295467.719
12 17 -3427.46722
13 17 17740.0511
14 17 -1.441831
15 17 -476.227061
16 17 11122.3066
17 17 11956228.1
18 17 166384.578
19 17 -702.808732
20 17 2.03436562
21 17 64.2461507
22 17 -2259.95505
23 17 -536759.411
24 17 -7652.8764
25 17 -705.081798
26 17 0.691971503
27 17 65.1910371
28 17 -1330.25985
29 17 -537655.654
30 17 -8345.35213
31 17 -708.026608
32 17 0.809455948
33 17 65.697015
34 17 -1379.35729
35 17 -538518.508
36 17 -8000.79689
37 17 -710.621923
38 17 0.790903805
39 17 66.2860004
40 17 -1550.69622
41 17 -539322.334
42 17 -9581.93517
1 18 -5.62815459
2 18 -54.477577
3 18 0.136026366
4 18 42241.6395
5 18 -4302.22562
6 18 -8942.5705
7 18 -5.60884768
8 18 -54.8662094
9 18 0.136390279
10 18 42332.0003
11 18 -4269.63689
12 18 -8994.44128
13 18 227.184192
14 18 448.047793
15 18 -0.0124139187
16 18 -687718.633
17 18 166384.578
18 18 269921.364
19 18 -10.5779173
20 18 -60.765142
21 18 0.0820614578
22 18 52063.7538
23 18 -8408.2954
24 18 -16799.9829
25 18 -10.4676324
26 18 -61.0422888
27 18 0.0125999329
28 18 52152.3598
29 18 -8270.49344
30 18 -16903.7528
31 18 -10.5239578
32 18 -61.350202
33 18 0.0594224915
34 18 52220.7139
35 18 -8314.47018
36 18 -16941.3915
37 18 -10.5083754
38 18 -61.619251
39 18 -0.1292156
40 18 52286.8015
41 18 -8216.25642
42 18 -17014.5378
1 19 -0.970344601
2 19 -0.00087412083
3 19 0.124741683
4 19 -0.0801681889
5 19 -436.140768
6 19 -4.62942352
7 19 -0.978898448
8 19 -0.00183111722
9 19 0.126939112
10 19 0.332665315
11 19 -437.900356
12 19 -4.68611402
13 19 -1.32506926
14 19 -0.00315887315
15 19 0.139438709
16 19 1.25697637
17 19 -702.808732
18 19 -10.5779173
19 19 905.332307
20 19 374.35559
21 19 532.408587
22 19 -4165.45056
23 19 33797.386
24 19 -3108.07431
25 19 -1535.51996
26 19 -198.315935
27 19 -1079.02931
28 19 1614.63771
29 19 -26810.4834
30 19 2487.11969
31 19 665.802976
32 19 -176.781584
33 19 545.024109
34 19 2100.71438
35 19 9901.02108
36 19 1019.49055
37 19 -1.84009962
38 19 -0.00347252914
39 19 0.203710925
40 19 1.01188035
41 19 -1225.63319
42 19 -21.0589198
1 20 0.000687425292
2 20 -0.971134141
3 20 -0.00861377609
4 20 426.545727
5 20 0.796801583
6 20 -54.6491281
7 20 0.00164277579
8 20 -0.9793272
9 20 -0.0087632062
10 20 428.033939
11 20 1.22310793
12 20 -55.2388606
13 20 0.0031413939
14 20 -1.32438048
15 20 -0.0173173345
16 20 687.266834
17 20 2.03436562
18 20 -60.765142
19 20 374.35559
20 20 4568.10132
21 20 43.5055132
22 20 -72941.2231
23 20 4788.98357
24 20 -34135.5232
25 20 -166.225498
26 20 -3103.33652
27 20 29.7200983
28 20 35782.6174
29 20 -1644.17554
30 20 25188.9275
31 20 -199.921581
32 20 -1431.2913
33 20 -77.3682302
34 20 15508.2808
35 20 -2636.0415
36 20 11505.4137
37 20 0.00389413829
38 20 -1.83618001
39 20 -0.0309158107
40 20 1149.83702
41 20 3.82917677
42 20 -146.669138
1 21 0.129718723
2 21 -0.00999732987
3 21 -0.0201260537
4 21 5.34828542
5 21 58.579144
6 21 -0.0679224893
7 21 0.130946722
8 21 -0.00994320395
9 21 -0.0204591478
10 21 5.30841813
11 21 58.8309525
12 21 -0.0668934131
13 21 0.141307635
14 21 -0.0154490734
15 21 -0.0269733465
16 21 9.84054882
17 21 64.2461507
18 21 0.0820614578
19 21 532.408587
20 21 43.5055132
21 21 336.073172
22 21 -573.004967
23 21 7984.67478
24 21 -623.533017
25 21 -962.441284
26 21 4.44123968
27 21 -683.652589
28 21 -412.87015
29 21 -15936.3242
30 21 524.817036
31 21 430.614534
32 21 -48.0792069
33 21 347.343665
34 21 704.069987
35 21 7314.35477
36 21 136.814271
37 21 0.200764028
38 21 -0.0236207927
39 21 -0.0804045361
40 21 17.3672719
41 21 173.771664
42 21 0.541151481
1 22 -0.889191371
2 22 418.081049
3 22 4.64790938
4 22 -277247.71
5 22 -1268.83063
6 22 41697.1395
7 22 -1.30297373
8 22 420.990734
9 22 4.71729229
10 22 -277896.667
11 22 -1548.84998
12 22 42000.0826
13 22 -1.95881162
14 22 683.428584
15 22 10.7209156
16 22 -496087.778
17 22 -2259.95505
18 22 52063.7538
19 22 -4165.45056
20 22 -72941.2231
21 22 -573.004967
22 22 13624598.9
23 22 -35035.1446
24 22 -670510.247
25 22 1471.77028
26 22 38025.036
27 22 -690.65854
28 22 -1387238.15
29 22 6138.15338
30 22 -133445.817
31 22 2593.80394
32 22 18069.5061
33 22 1118.04995
34 22 -1146283.69
35 22 30384.848
36 22 30001.6269
37 22 -3.21817456
38 22 1155.01368
39 22 21.9710569
40 22 -977722.067
41 22 -5819.4924
42 22 168655.649
1 23 -428.0467
2 23 0.182455171
3 23 55.5815599
4 23 -779.345717
5 23 -296108.014
6 23 -3519.44717
7 23 -431.145148
8 23 -0.231944409
9 23 56.3881892
10 23 -504.810108
11 23 -296924.921
12 23 -3558.7688
13 23 -699.131995
14 23 -1.31481982
15 23 63.0204739
16 23 188.864911
17 23 -536759.411
18 23 -8408.2954
19 23 33797.386
20 23 4788.98357
21 23 7984.67478
22 23 -35035.1446
23 23 14237477.8
24 23 132004.912
25 23 -26617.4291
26 23 -2350.82826
27 23 -17740.8083
28 23 15497.6896
29 23 -1583888.38
30 23 17925.563
31 23 9908.01847
32 23 -2456.54792
33 23 9233.11711
34 23 29216.4568
35 23 -976427.704
36 23 -1944.59454
37 23 -1230.2718
38 23 -1.61894053
39 23 176.483627
40 23 -1398.52972
41 23 -1163542.96
42 23 -18502.2285
1 24 -5.18374977
2 24 -55.4316259
3 24 0.0700405274
4 24 42747.7924
5 24 -3990.53596
6 24 -9025.61938
7 24 -5.16041149
8 24 -55.8276884
9 24 0.0694425206
10 24 42839.3457
11 24 -3956.62461
12 24 -9078.13846
13 24 -9.59086944
14 24 -61.1735956
15 24 -0.0813649749
16 24 52593.1316
17 24 -7652.8764
18 24 -16799.9829
19 24 -3108.07431
20 24 -34135.5232
21 24 -623.533017
22 24 -670510.247
23 24 132004.912
24 24 746505.034
25 24 2115.27321
26 24 23947.0457
27 24 366.708655
28 24 -102466.501
29 24 12880.8594
30 24 -276267.934
31 24 1127.75071
32 24 10645.8414
33 24 291.627777
34 24 57865.9588
35 24 -273.088029
36 24 -166811.208
37 24 -16.3838809
38 24 -145.277449
39 24 -0.567459607
40 24 166616.174
41 24 -13641.9354
42 24 -79327.5361
1 25 -0.975415992
2 25 0.00107203067
3 25 0.125464386
4 25 -0.94703282
5 25 -438.050292
6 25 -4.5313052
7 25 -0.983861247
8 25 0.00013821469
9 25 0.127651082
10 25 -0.539003127
11 25 -439.768797
12 25 -4.58616527
13 25 -1.33037369
14 25 -0.000429859667
15 25 0.140171486
16 25 -0.143228598
17 25 -705.081798
18 25 -10.4676324
19 25 -1535.51996
20 25 -166.225498
21 25 -962.441284
22 25 1471.77028
23 25 -26617.4291
24 25 2115.27321
25 25 3699.20629
26 25 118.113429
27 25 1821.89135
28 25 366.734575
29 25 85586.0599
30 25 -3841.91668
31 25 -1759.7869
32 25 -35.4289878
33 25 -933.869984
34 25 -121.508528
35 25 -32424.9614
36 25 1270.7532
37 25 -371.084722
38 25 84.8000404
39 25 77.3431826
40 25 -1473.63349
41 25 -8830.99309
42 25 549.748757
1 26 -0.00109194095
2 26 -0.975652357
3 26 -0.0084198247
4 26 428.219002
5 26 -0.00867865803
6 26 -54.8809136
7 26 -0.000178014164
8 26 -0.983890442
9 26 -0.00856137993
10 26 429.715579
11 26 0.406344937
12 26 -55.4736204
13 26 0.000585089434
14 26 -1.32973576
15 26 -0.017101078
16 26 689.486176
17 26 0.691971503
18 26 -61.0422888
19 26 -198.315935
20 26 -3103.33652
21 26 4.44123968
22 26 38025.036
23 26 -2350.82826
24 26 23947.0457
25 26 118.113429
26 26 5618.53326
27 26 -102.607714
28 26 -90244.2247
29 26 -11.2595416
30 26 -34038.009
31 26 -33.6779204
32 26 -2084.73961
33 26 114.283625
34 26 26728.6103
35 26 49.003379
36 26 11382.9168
37 26 108.255963
38 26 -397.558189
39 26 -8.89455287
40 26 8902.21832
41 26 1982.01
42 26 -1730.27076
1 27 0.131143915
2 27 -0.0112554561
3 27 -0.0203354075
4 27 5.91756589
5 27 59.2291069
6 27 -0.134948622
7 27 0.132361041
8 27 -0.0112122687
9 27 -0.0206683428
10 27 5.87959135
11 27 59.4761013
12 27 -0.134743244
13 27 0.143078274
14 27 -0.0172062133
15 27 -0.0272150162
16 27 10.7747638
17 27 65.1910371
18 27 0.0125999329
19 27 -1079.02931
20 27 29.7200983
21 27 -683.652589
22 27 -690.65854
23 27 -17740.8083
24 27 366.708655
25 27 1821.89135
26 27 -102.607714
27 27 1458.15957
28 27 1791.94693
29 27 29007.7701
30 27 -355.475033
31 27 -817.114113
32 27 78.3787145
33 27 -759.187429
34 27 -1352.58027
35 27 -13092.6472
36 27 30.253325
37 27 74.202117
38 27 -4.36970176
39 27 -16.1057737
40 27 95.2317536
41 27 1530.01439
42 27 -66.6165129
1 28 -0.173950891
2 28 418.911346
3 28 4.56602256
4 28 -277650.377
5 28 -780.055371
6 28 41760.4436
7 28 -0.574072748
8 28 421.829218
9 28 4.63281889
10 28 -278301.28
11 28 -1056.11574
12 28 42064.0392
13 28 -0.710025339
14 28 684.563624
15 28 10.6325688
16 28 -496724.289
17 28 -1330.25985
18 28 52152.3598
19 28 1614.63771
20 28 35782.6174
21 28 -412.87015
22 28 -1387238.15
23 28 15497.6896
24 28 -102466.501
25 28 366.734575
26 28 -90244.2247
27 28 1791.94693
28 28 15436398.8
29 28 49585.7613
30 28 -811991.798
31 28 185.945153
32 28 28891.7064
33 28 -1874.8108
34 28 -1868921.85
35 28 -3772.59719
36 28 37275.2263
37 28 -2105.06695
38 28 9672.16707
39 28 197.66681
40 28 -1660791.57
41 28 -41277.8476
42 28 182665.885
1 29 -429.180591
2 29 1.10819269
3 29 55.7559859
4 29 -1425.74567
5 29 -296742.245
6 29 -3421.34974
7 29 -432.239546
8 29 0.702710641
9 29 56.5578737
10 29 -1153.19432
11 29 -297545.832
12 29 -3459.76899
13 29 -700.392314
14 29 0.167316671
15 29 63.215803
16 29 -919.223856
17 29 -537655.654
18 29 -8270.49344
19 29 -26810.4834
20 29 -1644.17554
21 29 -15936.3242
22 29 6138.15338
23 29 -1583888.38
24 29 12880.8594
25 29 85586.0599
26 29 -11.2595416
27 29 29007.7701
28 29 49585.7613
29 29 16857030.6
30 29 158603.013
31 29 -33176.6303
32 29 -28.1240063
33 29 -15106.7216
34 29 -8988.86946
35 29 -2300626.61
36 29 -5137.62617
37 29 -9555.18881
38 29 1707.1476
39 29 1741.21261
40 29 -32477.4853
41 29 -1898863.35
42 29 -15657.2503
1 30 -5.72006749
2 30 -55.9037218
3 30 0.133391259
4 30 43116.7117
5 30 -4371.14086
6 30 -9094.53618
7 30 -5.70107658
8 30 -56.3034205
9 30 0.133852178
10 30 43209.3846
11 30 -4338.20691
12 30 -9147.50752
13 30 -10.4868054
14 30 -61.9467851
15 30 -0.0148865298
16 30 53227.6074
17 30 -8345.35213
18 30 -16903.7528
19 30 2487.11969
20 30 25188.9275
21 30 524.817036
22 30 -133445.817
23 30 17925.563
24 30 -276267.934
25 30 -3841.91668
26 30 -34038.009
27 30 -355.475033
28 30 -811991.798
29 30 158603.013
30 30 893882.907
31 30 928.215943
32 30 11004.5415
33 30 -113.425308
34 30 53480.8691
35 30 -13749.5965
36 30 -212757.104
37 30 680.938803
38 30 -1825.74831
39 30 -90.3977918
40 30 180261.916
41 30 -10114.7725
42 30 -107671.454
1 31 -0.981417011
2 31 0.000824942623
3 31 0.126283572
4 31 -0.841089093
5 31 -440.274265
6 31 -4.56589215
7 31 -0.989906743
8 31 -0.000115995243
9 31 0.128483337
10 31 -0.430837798
11 31 -441.999442
12 31 -4.62110755
13 31 -1.33741899
14 31 -0.000743906284
15 31 0.141067507
16 31 0.00959847662
17 31 -708.026608
18 31 -10.5239578
19 31 665.802976
20 31 -199.921581
21 31 430.614534
22 31 2593.80394
23 31 9908.01847
24 31 1127.75071
25 31 -1759.7869
26 31 -33.6779204
27 31 -817.114113
28 31 185.945153
29 31 -33176.6303
30 31 928.215943
31 31 3080.37937
32 31 781.711389
33 31 708.447912
34 31 -11159.354
35 31 84217.6852
36 31 -6517.9403
37 31 -1945.62702
38 31 -548.609396
39 31 -346.019257
40 31 8286.30074
41 31 -43572.0417
42 31 4483.71395
1 32 -0.000933675872
2 32 -0.981573096
3 32 -0.00848434955
4 32 430.365733
5 32 0.0644424319
6 32 -55.1589745
7 32 -1.55147282e-05
8 32 -0.98986527
9 32 -0.00862667517
10 32 431.87136
11 32 0.480943225
12 32 -55.7551935
13 32 0.000800866882
14 32 -1.33672885
15 32 -0.0171982777
16 32 692.343569
17 32 0.809455948
18 32 -61.350202
19 32 -176.781584
20 32 -1431.2913
21 32 -48.0792069
22 32 18069.5061
23 32 -2456.54792
24 32 10645.8414
25 32 -35.4289878
26 32 -2084.73961
27 32 78.3787145
28 32 28891.7064
29 32 -28.1240063
30 32 11004.5415
31 32 781.711389
32 32 9821.40146
33 32 -88.6069987
34 32 -173273.381
35 32 11390.5051
36 32 -54594.0667
37 32 -572.33237
38 32 -6271.44348
39 32 42.3301452
40 32 109221.993
41 32 -8855.89912
42 32 32842.0642
1 33 0.132283473
2 33 -0.0106152315
3 33 -0.0204991127
4 33 5.63717833
5 33 59.6608403
6 33 -0.0945165711
7 33 0.133509108
8 33 -0.0105656345
9 33 -0.0208346346
10 33 5.59785697
11 33 59.9090237
12 33 -0.0938792228
13 33 0.144345142
14 33 -0.0163347283
15 33 -0.0274057431
16 33 10.324716
17 33 65.697015
18 33 0.0594224915
19 33 545.024109
20 33 -77.3682302
21 33 347.343665
22 33 1118.04995
23 33 9233.11711
24 33 291.627777
25 33 -933.869984
26 33 114.283625
27 33 -759.187429
28 33 -1874.8108
29 33 -15106.7216
30 33 -113.425308
31 33 708.447912
32 33 -88.6069987
33 33 576.642115
34 33 1576.36401
35 33 12331.1887
36 33 -231.151126
37 33 -317.85544
38 33 51.8272559
39 33 -171.098249
40 33 -948.31904
41 33 -6793.13908
42 33 21.0814686
1 34 -0.208310427
2 34 419.94524
3 34 4.57776556
4 34 -278106.238
5 34 -799.970434
6 34 41819.8196
7 34 -0.608817206
8 34 422.871881
9 34 4.64464169
10 34 -278758.729
11 34 -1076.26628
12 34 42124.0503
13 34 -0.782823509
14 34 685.959884
15 34 10.6503105
16 34 -497447.972
17 34 -1379.35729
18 34 52220.7139
19 34 2100.71438
20 34 15508.2808
21 34 704.069987
22 34 -1146283.69
23 34 29216.4568
24 34 57865.9588
25 34 -121.508528
26 34 26728.6103
27 34 -1352.58027
28 34 -1868921.85
29 34 -8988.86946
30 34 53480.8691
31 34 -11159.354
32 34 -173273.381
33 34 1576.36401
34 34 18573839
35 34 -155426.717
36 34 -622224.168
37 34 9217.26215
38 34 114702.404
39 34 -829.576046
40 34 -4604132.98
41 34 142404.962
42 34 -353088.9
1 35 -430.318048
2 35 0.963967474
3 35 55.9068598
4 35 -1322.96934
5 35 -297288.152
6 35 -3446.10791
7 35 -433.382977
8 35 0.556625446
9 35 56.7107502
10 35 -1049.75685
11 35 -298092.502
12 35 -3484.69671
13 35 -701.914321
14 35 -0.0281918617
15 35 63.3857904
16 35 -765.403395
17 35 -538518.508
18 35 -8314.47018
19 35 9901.02108
20 35 -2636.0415
21 35 7314.35477
22 35 30384.848
23 35 -976427.704
24 35 -273.088029
25 35 -32424.9614
26 35 49.003379
27 35 -13092.6472
28 35 -3772.59719
29 35 -2300626.61
30 35 -13749.5965
31 35 84217.6852
32 35 11390.5051
33 35 12331.1887
34 35 -155426.717
35 35 18874323.7
36 35 125909.604
37 35 -45050.2496
38 35 -8808.23676
39 35 -7585.82866
40 35 133321.902
41 35 -3986525.12
42 35 24017.3056
1 36 -5.44102682
2 36 -56.1654591
3 36 0.0950304721
4 36 43269.9486
5 36 -4179.79411
6 36 -9120.49336
7 36 -5.41988384
8 36 -56.5669968
9 36 0.0949445271
10 36 43362.8551
11 36 -4146.21919
12 36 -9173.64311
13 36 -10.0319539
14 36 -62.27229
15 36 -0.0596195528
16 36 53432.5529
17 36 -8000.79689
18 36 -16941.3915
19 36 1019.49055
20 36 11505.4137
21 36 136.814271
22 36 30001.6269
23 36 -1944.59454
24 36 -166811.208
25 36 1270.7532
26 36 11382.9168
27 36 30.253325
28 36 37275.2263
29 36 -5137.62617
30 36 -212757.104
31 36 -6517.9403
32 36 -54594.0667
33 36 -231.151126
34 36 -622224.168
35 36 125909.604
36 36 1198983.26
37 36 4434.36355
38 36 32195.0148
39 36 160.395977
40 36 -314273.993
41 36 29937.9964
42 36 -412748.788
1 37 -0.986553647
2 37 0.00127431166
3 37 0.126987587
4 37 -1.03693596
5 37 -442.196892
6 37 -4.54932967
7 37 -0.995105195
8 37 0.000331394326
9 37 0.129202057
10 37 -0.625250364
11 37 -443.935559
12 37 -4.6045388
13 37 -1.34357142
14 37 -0.000263158649
15 37 0.141852108
16 37 -0.205422353
17 37 -710.621923
18 37 -10.5083754
19 37 -1.84009962
20 37 0.00389413829
21 37 0.200764028
22 37 -3.21817456
23 37 -1230.2718
24 37 -16.3838809
25 37 -371.084722
26 37 108.255963
27 37 74.202117
28 37 -2105.06695
29 37 -9555.18881
30 37 680.938803
31 37 -1945.62702
32 37 -572.33237
33 37 -317.85544
34 37 9217.26215
35 37 -45050.2496
36 37 4434.36355
37 37 2348.54252
38 37 463.975269
39 37 265.733454
40 37 -6816.95083
41 37 70739.5507
42 37 -4781.50415
1 38 -0.000956310117
2 38 -0.986718507
3 38 -0.00852032134
4 38 432.251732
5 38 0.0554516402
6 38 -55.4033213
7 38 -3.82983833e-05
8 38 -0.995057824
9 38 -0.00866259587
10 38 433.765348
11 38 0.472186567
12 38 -56.0026169
13 38 0.000758942816
14 38 -1.34284766
15 38 -0.0172597316
16 38 694.881353
17 38 0.790903805
18 38 -61.619251
19 38 -0.00347252914
20 38 -1.83618001
21 38 -0.0236207927
22 38 1155.01368
23 38 -1.61894053
24 38 -145.277449
25 38 84.8000404
26 38 -397.558189
27 38 -4.36970176
28 38 9672.16707
29 38 1707.1476
30 38 -1825.74831
31 38 -548.609396
32 38 -6271.44348
33 38 51.8272559
34 38 114702.404
35 38 -8808.23676
36 38 32195.0148
37 38 463.975269
38 38 6711.67198
39 38 -33.5305805
40 38 -136406.555
41 38 6869.84501
42 38 -30479.8617
1 39 0.133498224
2 39 -0.0136988335
3 39 -0.0207029713
4 39 6.99384286
5 39 60.133248
6 39 -0.26614749
7 39 0.134740304
8 39 -0.0136739432
9 39 -0.0210423399
10 39 6.95876167
11 39 60.3855791
12 39 -0.26732524
13 39 0.145752335
14 39 -0.0205268054
15 39 -0.0276711721
16 39 12.5018935
17 39 66.2860004
18 39 -0.1292156
19 39 0.203710925
20 39 -0.0309158107
21 39 -0.0804045361
22 39 21.9710569
23 39 176.483627
24 39 -0.567459607
25 39 77.3431826
26 39 -8.89455287
27 39 -16.1057737
28 39 197.66681
29 39 1741.21261
30 39 -90.3977918
31 39 -346.019257
32 39 42.3301452
33 39 -171.098249
34 39 -829.576046
35 39 -7585.82866
36 39 160.395977
37 39 265.733454
38 39 -33.5305805
39 39 199.108678
40 39 358.832734
41 39 5020.86127
42 39 -52.8941837
1 40 -0.372303803
2 40 420.905495
3 40 4.61560292
4 40 -278558.969
5 40 -933.821851
6 40 41878.3962
7 40 -0.773461331
8 40 423.83998
9 40 4.68276222
10 40 -279212.846
11 40 -1210.43281
12 40 42183.2174
13 40 -0.955580209
14 40 687.297638
15 40 10.712086
16 40 -498188.222
17 40 -1550.69622
18 40 52286.8015
19 40 1.01188035
20 40 1149.83702
21 40 17.3672719
22 40 -977722.067
23 40 -1398.52972
24 40 166616.174
25 40 -1473.63349
26 40 8902.21832
27 40 95.2317536
28 40 -1660791.57
29 40 -32477.4853
30 40 180261.916
31 40 8286.30074
32 40 109221.993
33 40 -948.31904
34 40 -4604132.98
35 40 133321.902
36 40 -314273.993
37 40 -6816.95083
38 40 -136406.555
39 40 358.832734
40 40 18538702.6
41 40 -85396.2
42 40 -975808.545
1 41 -431.319606
2 41 1.33207419
3 41 56.0449146
4 41 -1606.31787
5 41 -297788.743
6 41 -3392.59043
7 41 -434.397535
8 41 0.926035587
9 41 56.8517185
10 41 -1333.12064
11 41 -298596.535
12 41 -3430.92291
13 41 -703.290031
14 41 0.382954167
15 41 63.5469184
16 41 -1123.23903
17 41 -539322.334
18 41 -8216.25642
19 41 -1225.63319
20 41 3.82917677
21 41 173.771664
22 41 -5819.4924
23 41 -1163542.96
24 41 -13641.9354
25 41 -8830.99309
26 41 1982.01
27 41 1530.01439
28 41 -41277.8476
29 41 -1898863.35
30 41 -10114.7725
31 41 -43572.0417
32 41 -8855.89912
33 41 -6793.13908
34 41 142404.962
35 41 -3986525.12
36 41 29937.9964
37 41 70739.5507
38 41 6869.84501
39 41 5020.86127
40 41 -85396.2
41 41 19159802.8
42 41 186314.539
1 42 -6.71977409
2 42 -56.4838351
3 42 0.255850107
4 42 43454.2078
5 42 -5055.06207
6 42 -9163.55389
7 42 -6.70771039
8 42 -56.8891309
9 42 0.258134477
10 42 43548.4255
11 42 -5023.76641
12 42 -9217.0611
13 42 -12.1248959
14 42 -62.6933155
15 42 0.120253221
16 42 53700.0305
17 42 -9581.93517
18 42 -17014.5378
19 42 -21.0589198
20 42 -146.669138
21 42 0.541151481
22 42 168655.649
23 42 -18502.2285
24 42 -79327.5361
25 42 549.748757
26 42 -1730.27076
27 42 -66.6165129
28 42 182665.885
29 42 -15657.2503
30 42 -107671.454
31 42 4483.71395
32 42 32842.0642
33 42 21.0814686
34 42 -353088.9
35 42 24017.3056
36 42 -412748.788
37 42 -4781.50415
38 42 -30479.8617
39 42 -52.8941837
40 42 -975808.545
41 42 186314.539
42 42 1073722.02
